Laufzeit: 57.09741150000001s
Einnahmen: 8721€
Standplätze: 579
14 15 608 612
8 12 398 399
10 11 449 453
8 17 800 803
14 15 535 540
11 15 824 829
10 12 690 692
8 13 773 775
10 11 521 526
16 17 515 519
10 15 803 804
12 18 725 727
9 14 804 805
9 14 819 823
8 9 328 333
8 10 123 125
10 11 516 521
15 17 538 540
8 9 308 313
16 17 990 996
9 13 661 667
10 13 806 810
8 12 158 159
8 9 271 275
8 9 303 308
8 9 366 374
11 12 614 619
8 17 789 794
11 12 602 607
16 17 519 523
16 17 505 510
16 18 970 979
13 18 181 182
10 14 816 817
14 15 550 554
16 17 700 708
16 17 439 444
8 9 338 342
16 17 510 515
8 10 295 297
8 13 670 671
11 12 634 638
15 16 567 576
10 14 818 819
11 12 597 602
8 13 788 789
8 9 266 271
10 11 554 558
16 17 841 848
16 17 540 544
15 17 217 219
9 10 426 430
15 16 629 635
13 17 784 787
8 11 424 426
16 17 544 548
16 18 412 415
9 15 797 800
10 14 830 834
15 16 945 949
16 17 493 499
16 17 548 552
16 17 499 505
8 11 526 527
9 14 728 736
14 17 718 723
10 11 889 898
16 17 523 526
8 14 794 795
13 14 371 374
8 11 224 226
9 14 741 749
15 16 739 748
14 17 818 823
16 17 487 493
15 18 150 151
10 16 990 995
9 12 549 550
10 12 571 574
11 12 414 417
15 16 614 622
9 13 981 990
15 17 626 629
16 18 767 774
13 15 710 717
10 13 769 773
10 12 594 597
8 11 585 590
15 18 823 828
15 18 261 262
13 16 787 789
11 12 619 622
14 15 761 767
16 17 529 532
9 10 356 362
8 9 313 316
9 11 597 603
8 11 527 528
8 9 131 137
15 16 635 638
14 16 559 562
8 9 320 323
9 18 840 841
10 11 250 253
8 9 109 115
15 17 684 688
9 11 603 608
15 18 920 925
8 10 259 262
8 9 85 91
15 18 337 338
15 18 62 64
16 17 83 85
16 17 481 487
9 10 320 323
15 18 39 41
16 17 552 555
12 18 805 806
8 10 172 173
15 17 535 538
14 16 767 775
16 17 475 481
13 18 781 784
15 16 606 612
12 13 242 244
10 11 510 516
14 15 475 477
11 12 408 414
8 9 342 344
16 18 357 360
16 17 171 173
10 12 805 806
15 17 716 718
14 16 522 525
16 17 295 297
15 16 599 606
16 17 331 333
9 16 775 776
16 17 732 739
8 10 513 522
8 10 392 393
16 17 461 468
14 16 425 426
13 14 768 775
16 18 142 143
16 17 425 432
11 12 224 226
16 17 432 439
8 16 811 813
13 14 761 768
15 16 475 477
15 16 592 599
16 17 360 362
9 10 385 392
8 10 430 431
15 16 585 592
16 17 415 417
16 17 405 412
10 11 210 212
8 9 24 31
11 12 242 244
10 15 795 797
8 10 431 432
9 10 532 541
10 12 356 357
10 13 632 634
9 10 210 212
8 17 859 866
9 15 737 741
8 15 777 779
8 10 432 433
8 9 344 346
16 17 555 557
9 11 528 529
9 10 492 500
16 18 235 236
8 9 419 423
8 10 461 467
13 17 806 811
16 17 557 559
16 18 559 560
14 15 150 151
14 16 525 526
10 11 558 559
15 18 757 766
8 9 91 92
10 11 574 575
8 9 31 32
16 17 560 561
10 11 575 576
11 12 190 191
11 12 510 511
10 11 576 577
15 16 327 328
8 9 115 116
16 17 561 562
16 17 708 716
14 15 380 381
9 10 311 312
10 11 577 578
9 10 433 434
14 15 261 262
13 18 779 781
15 18 638 641
13 17 981 990
8 9 356 357
9 10 449 450
15 18 962 970
8 16 841 850
11 12 574 575
16 17 564 565
10 18 905 910
11 12 575 576
9 17 910 915
8 16 915 920
9 16 850 859
8 14 881 889
10 17 866 874
10 17 874 881
8 13 930 937
14 18 830 839
12 18 898 905
9 15 962 970
11 17 958 962
8 13 761 769
9 15 920 926
8 17 926 930
13 17 930 938
9 13 779 788
14 17 949 958
14 18 881 888
10 16 970 974
8 15 945 949
9 12 638 645
15 18 646 653
8 14 953 957
8 14 949 953
9 17 0 8
10 14 718 725
15 17 671 676
16 17 579 588
10 16 974 978
9 16 978 981
15 18 664 671
16 17 588 597
15 17 794 800
10 11 614 623
10 14 835 840
11 15 684 690
11 16 995 999
16 17 606 615
15 18 653 656
9 17 24 32
11 14 469 477
8 15 32 41
8 17 48 55
8 17 64 71
8 17 41 48
8 16 78 85
8 15 55 64
8 15 92 100
8 17 71 78
9 17 100 107
9 17 85 92
10 16 116 125
12 17 182 191
9 15 107 116
9 14 196 205
8 17 125 131
9 18 131 137
8 16 137 143
8 14 143 151
12 18 151 159
8 16 159 165
10 16 165 173
8 13 173 182
9 15 212 219
8 17 191 196
8 16 226 231
11 17 205 212
13 18 173 181
12 18 219 226
11 15 244 253
13 18 236 244
8 16 231 236
8 17 262 266
12 16 266 275
10 14 253 262
9 18 312 316
10 15 316 323
8 14 275 281
8 14 281 287
8 17 287 291
10 16 291 297
8 14 297 303
10 14 303 312
9 16 328 333
10 18 338 342
8 15 323 328
10 18 342 346
8 15 333 338
11 17 346 351
8 13 236 242
9 15 362 367
12 17 351 357
10 16 357 362
10 14 374 381
9 13 367 374
8 12 151 158
14 17 196 205
12 15 390 399
14 18 143 150
8 11 182 191
12 15 381 390
12 15 408 417
13 16 399 408
9 12 266 275
13 16 426 435
11 14 417 426
11 14 444 453
13 16 435 444
8 16 477 480
8 14 480 484
9 15 453 457
9 15 457 461
11 14 461 469
10 16 682 684
9 15 752 761
8 13 810 811
8 12 898 905
9 11 413 419
15 17 828 829
11 18 817 818
10 12 540 546
8 16 692 701
15 18 249 253
8 9 379 381
14 17 839 840
15 18 925 926
12 18 690 692
8 10 542 543
8 12 546 549
16 17 663 664
11 17 938 944
10 11 590 591
15 17 380 386
14 18 448 453
15 17 321 327
16 17 662 663
14 18 472 475
8 16 944 945
15 17 386 392
8 9 389 392
15 18 333 337
8 13 710 718
9 13 629 632
16 17 645 646
14 16 511 517
14 15 804 805
9 12 567 571
11 12 607 608
8 13 442 444
16 18 644 645
9 11 419 424
15 16 398 399
16 18 565 572
8 9 378 379
11 17 889 898
14 15 794 795
11 13 656 661
16 18 637 638
8 9 413 419
8 10 512 513
16 17 848 855
15 17 803 804
16 18 78 83
16 17 754 757
8 10 522 526
9 12 677 678
9 11 444 449
13 15 593 594
14 17 723 724
15 17 804 805
9 10 250 259
11 12 647 650
15 17 362 367
14 18 724 725
10 11 591 592
8 12 726 727
14 16 517 522
8 12 669 670
16 18 915 920
8 10 475 477
16 18 137 142
8 11 578 579
15 16 107 116
8 10 510 512
8 15 701 710
10 14 834 835
16 17 226 235
8 10 541 542
15 16 408 417
16 17 745 749
9 18 727 728
8 9 385 389
8 9 100 109
14 15 735 737
16 17 266 275
15 18 766 767
15 18 392 395
8 9 374 378
10 11 461 470
14 15 717 718
15 16 550 559
8 12 608 609
8 9 196 205
16 18 659 662
8 12 725 726
12 18 814 815
16 17 371 380
10 17 776 777
8 9 210 219
10 14 957 958
15 18 395 398
10 11 623 628
9 10 303 311
16 18 641 644
8 9 250 259
15 18 676 678
14 15 600 608
8 14 815 816
14 15 567 576
15 18 688 690
10 14 736 737
16 17 739 745
13 14 717 718
8 9 393 398
14 16 480 484
11 12 671 677
15 17 453 457
9 10 554 560
14 18 310 312
12 13 669 670
9 10 338 346
8 10 450 453
14 15 614 622
10 11 654 661
10 18 749 750
16 17 615 622
16 18 167 171
10 11 647 654
8 9 0 8
16 17 678 679
10 11 470 477
14 15 651 656
11 12 182 190
9 10 503 510
16 18 291 295
15 17 728 732
15 17 457 461
14 18 815 817
16 18 327 331
14 18 562 564
14 15 634 642
9 10 467 475
8 10 316 320
15 16 709 716
15 16 503 511
16 18 572 576
9 17 750 751
15 16 732 739
9 16 751 752
14 16 888 889
8 10 291 295
16 17 692 700
9 10 374 381
15 16 701 709
16 17 398 405
14 15 741 742
9 11 671 676
8 9 357 366
14 15 671 678
16 17 629 637
14 15 728 735
10 18 813 814
9 15 823 824
9 13 667 669
8 9 399 405
8 17 829 830
14 15 742 749
8 12 645 647
15 16 752 757
16 17 597 606
8 16 16 24
8 16 8 16
14 17 468 472
14 16 461 468
11 13 622 629
10 12 503 510
9 16 678 680
11 18 680 682
16 18 17 24
12 14 671 678
13 16 659 664
8 10 116 123
13 15 664 671
11 14 651 656
13 18 656 659
15 18 316 321
8 11 408 413
8 13 489 492
8 11 205 210
8 11 346 351
8 13 405 408
15 18 244 249
9 13 937 938
9 12 393 398
12 15 646 651
15 18 212 217
8 10 165 172
14 18 444 448
10 12 385 393
12 14 634 642
13 15 626 634
16 18 159 167
12 14 614 622
12 16 642 646
14 18 421 425
8 16 612 614
8 12 381 385
13 15 585 593
8 14 609 612
14 18 417 421
12 14 600 609
11 13 585 594
13 17 622 626
16 18 116 125
15 17 92 100
14 17 281 287
14 16 371 380
10 13 579 585
13 16 579 585
14 17 304 310
16 18 107 116
11 17 576 579
16 18 8 17
10 14 559 564
10 16 564 567
12 14 567 576
11 15 554 559
13 18 367 371
12 16 545 550
9 14 550 554
9 13 484 489
10 14 535 540
8 12 351 356
8 12 219 224
12 16 540 545
15 18 55 62
8 13 438 442
8 13 434 438
9 16 529 532
10 17 532 535
14 17 297 304
15 18 32 39
11 14 519 526
10 13 426 434
11 14 511 519
12 15 503 511
14 18 275 281
14 17 253 261
11 18 526 529
8 11 242 250
8 16 500 503
10 16 496 500
13 16 484 492
10 16 492 496
12 15 594 600
9 13 399 405
