Laufzeit: 61.2546059s
Einnahmen: 9749€
Standplätze: 531
8 14 721 725
13 16 245 252
8 16 847 849
13 17 258 263
15 16 826 845
8 17 845 847
8 18 780 782
8 18 782 784
8 13 612 616
14 16 394 403
8 18 788 790
13 18 784 788
8 18 794 796
13 18 790 794
8 18 800 802
13 18 796 800
8 18 806 808
13 18 802 806
8 18 812 814
13 18 808 812
8 18 956 959
13 18 814 818
13 18 818 822
13 18 822 826
8 16 851 853
8 14 826 829
8 16 849 851
8 17 681 683
13 17 447 451
17 18 826 840
8 17 870 871
8 16 452 454
8 11 703 707
8 13 728 731
8 13 734 737
8 13 731 734
8 13 774 776
8 13 752 755
13 18 856 859
8 13 749 752
8 13 784 787
8 13 771 774
8 10 642 648
8 15 829 831
11 17 853 856
8 15 831 833
8 13 671 673
9 14 833 835
9 14 835 837
13 16 239 245
8 13 792 794
12 17 864 866
9 14 837 839
8 13 790 792
13 18 862 864
11 16 866 868
8 13 796 798
8 13 798 800
17 18 840 849
8 13 564 566
13 18 868 870
8 17 871 872
15 18 650 651
14 15 62 70
17 18 870 876
8 12 616 618
8 16 873 874
8 16 872 873
8 15 841 843
16 17 826 833
14 17 619 621
8 16 876 877
16 18 849 853
8 11 622 624
8 10 648 651
8 14 843 844
15 18 901 903
16 18 931 934
8 18 877 878
17 18 637 641
15 16 418 424
8 15 621 622
8 10 931 934
12 17 606 608
8 13 534 536
8 18 605 606
12 17 603 605
12 17 610 612
8 13 552 554
13 18 608 610
8 13 536 538
8 13 538 540
8 13 540 542
8 13 542 544
8 13 550 552
11 16 392 394
13 18 612 614
9 14 574 576
13 18 614 616
8 13 554 556
12 17 616 618
8 18 618 619
11 13 394 398
8 11 358 361
8 13 556 558
16 18 950 954
8 11 561 564
8 16 582 583
17 18 619 628
10 13 31 34
8 13 469 470
14 18 628 630
8 12 361 363
8 12 576 578
8 11 713 716
17 18 982 987
8 16 583 584
8 12 578 580
11 12 398 405
8 18 859 862
8 18 881 882
8 15 584 585
8 15 844 845
17 18 641 648
8 15 626 627
14 17 679 681
10 17 81 82
8 10 397 400
8 13 599 600
16 17 252 258
8 10 400 403
15 18 897 899
8 14 619 620
8 14 620 621
8 9 403 409
15 17 642 650
12 17 266 267
14 17 47 49
10 15 34 35
13 18 209 210
8 13 433 434
8 13 417 418
13 18 886 890
11 16 622 623
10 15 35 36
8 13 459 460
8 17 992 996
9 15 79 81
8 18 590 591
13 18 130 132
16 18 582 588
12 15 23 27
14 16 424 430
15 16 279 291
16 18 147 153
8 18 589 590
17 18 214 227
16 17 239 252
8 15 572 574
8 10 390 397
8 15 570 572
8 15 566 568
8 15 568 570
13 18 579 582
8 13 504 507
8 13 496 499
8 13 488 491
8 13 478 481
8 13 472 475
8 13 558 561
8 13 449 452
8 13 466 469
8 13 443 446
8 13 446 449
8 13 440 443
8 13 456 459
8 11 266 271
8 13 430 433
8 16 438 440
9 17 77 79
8 14 427 430
16 18 566 575
14 17 41 47
14 18 575 579
8 18 588 589
8 17 434 436
8 16 436 438
13 18 562 566
13 18 558 562
13 18 554 558
13 18 550 554
8 18 548 550
8 18 546 548
13 18 540 544
8 18 544 546
8 13 413 417
13 18 536 540
13 18 532 536
13 18 528 532
8 18 526 528
8 18 524 526
13 18 520 524
8 18 518 520
8 18 516 518
8 18 514 516
8 18 512 514
13 18 508 512
8 18 502 504
8 18 500 502
13 18 504 508
15 17 62 72
13 18 496 500
8 18 494 496
8 18 492 494
9 13 72 77
8 13 381 385
13 18 488 492
8 14 424 427
9 14 68 72
12 17 623 624
8 18 484 486
8 13 940 942
8 13 372 376
13 18 672 673
13 18 478 482
8 18 998 999
8 18 482 484
8 13 475 476
11 16 19 23
14 16 721 725
8 18 476 478
17 18 610 612
13 18 472 476
8 13 481 482
8 13 348 352
8 13 491 492
8 18 486 488
8 13 580 581
8 13 344 348
8 15 839 841
8 18 470 472
8 13 499 500
8 18 464 466
8 13 511 512
8 18 462 464
8 16 874 876
13 18 466 470
8 13 581 582
8 18 460 462
15 17 621 622
13 18 456 460
9 14 673 681
8 13 340 344
17 18 667 672
8 15 421 424
8 13 594 595
16 17 54 58
13 18 430 434
8 18 454 456
8 13 598 599
10 11 390 413
8 13 595 596
16 18 418 430
8 12 604 605
17 18 434 454
15 17 72 74
8 15 418 421
14 18 674 675
8 14 288 292
14 18 673 674
8 16 292 295
16 17 214 218
8 13 283 288
17 18 675 679
11 17 58 62
15 16 0 4
13 18 413 418
8 18 878 881
10 15 14 19
8 12 603 604
13 18 403 408
8 10 409 411
8 13 278 283
17 18 387 390
16 18 390 403
17 18 679 683
13 18 408 413
10 11 7 10
8 17 263 266
14 17 49 50
9 16 54 58
8 11 271 272
15 17 27 41
8 9 153 156
13 18 381 387
14 15 31 34
8 17 387 390
15 16 4 7
8 18 378 381
8 9 227 230
13 18 372 378
14 17 74 75
10 17 50 54
8 9 156 158
8 18 369 372
11 12 23 26
16 17 75 77
8 18 366 369
12 13 398 400
12 18 358 363
14 15 36 38
8 18 363 366
15 16 14 16
8 18 352 355
12 14 36 37
8 18 355 358
14 15 38 39
17 18 81 82
9 14 44 50
14 16 75 76
13 18 340 346
17 18 603 604
13 18 346 352
11 12 26 27
8 18 337 340
8 18 737 741
8 18 334 337
13 18 728 737
9 14 37 44
8 18 697 703
8 18 331 334
10 15 642 651
8 18 328 331
8 17 637 642
8 18 325 328
8 18 683 690
8 18 322 325
16 18 703 728
8 18 316 319
8 18 690 697
8 18 313 316
8 13 627 637
8 18 319 322
13 18 749 756
8 13 272 278
8 18 759 762
8 18 310 313
8 18 741 745
8 18 307 310
8 18 762 765
8 18 298 301
8 13 651 659
8 18 304 307
8 18 745 749
8 18 301 304
8 13 659 667
8 18 295 298
11 16 703 709
8 16 253 257
8 16 667 671
9 13 62 68
13 18 771 776
8 13 257 263
8 15 725 728
13 18 272 279
8 18 756 759
11 18 267 272
8 18 768 771
11 16 7 14
8 18 765 768
13 18 202 209
8 16 718 721
8 13 239 246
11 16 713 718
8 13 246 253
8 18 778 780
17 18 231 267
8 15 709 713
8 17 235 239
8 12 606 612
8 17 231 235
13 17 440 447
16 18 279 295
8 18 776 778
17 18 616 617
17 18 864 868
8 13 802 803
8 13 755 756
13 18 882 883
8 13 787 788
15 18 963 965
8 12 936 940
17 18 934 941
8 13 804 805
8 9 677 681
8 13 803 804
14 17 451 452
8 13 808 809
8 13 805 806
8 9 411 413
16 17 436 439
8 9 673 677
8 18 996 998
14 16 76 77
15 16 23 25
17 18 606 608
15 16 16 19
15 17 80 81
8 13 814 823
15 17 79 80
8 13 886 890
8 9 230 231
17 18 604 605
14 15 39 40
8 17 883 886
13 17 936 942
8 18 925 928
8 15 897 904
8 18 913 917
8 18 890 897
13 18 904 913
8 18 921 925
8 18 917 921
8 13 908 913
8 16 624 626
9 18 928 931
8 18 944 946
10 15 931 936
13 18 662 667
8 18 942 944
8 18 954 956
8 10 707 709
8 17 959 961
8 13 904 908
8 18 965 966
8 11 853 857
8 13 862 864
9 18 961 963
8 13 809 812
14 17 675 679
8 13 823 826
8 15 963 965
8 11 716 717
8 18 966 967
8 18 967 968
8 13 857 859
15 16 25 26
8 10 864 868
16 17 833 840
8 13 868 869
9 11 58 61
13 18 630 637
10 11 19 22
13 18 973 974
8 9 574 575
8 16 585 588
16 17 452 454
8 9 833 838
8 13 869 870
8 13 882 883
16 18 876 877
10 11 10 14
13 18 651 654
17 18 853 856
8 16 950 954
8 18 974 982
8 17 946 950
8 17 219 223
10 15 0 7
9 18 227 231
9 10 0 37
8 16 214 219
8 18 210 214
8 13 202 210
8 18 198 202
8 18 194 198
8 18 190 194
13 18 158 166
8 18 186 190
8 18 182 186
13 18 122 130
8 18 178 182
8 18 174 178
8 18 170 174
9 18 153 158
8 16 147 153
8 18 166 170
8 18 137 142
8 13 158 166
8 18 132 137
17 18 27 81
8 18 142 147
8 13 122 132
16 18 0 27
8 18 116 122
8 18 110 116
8 18 104 110
8 18 98 104
8 18 90 98
8 17 223 227
8 18 82 90
8 9 0 82
8 13 520 522
13 18 594 596
10 15 29 31
8 18 593 594
8 13 528 530
10 15 27 29
8 18 601 602
11 16 390 392
8 13 507 509
8 13 385 387
8 13 532 534
8 18 591 592
8 18 592 593
8 18 602 603
13 18 598 600
8 18 597 598
8 13 509 511
8 18 600 601
8 13 522 524
8 13 376 378
8 18 596 597
8 18 968 973
8 13 530 532
16 17 624 628
8 18 988 992
8 13 973 974
8 17 982 988
13 18 654 662
16 17 218 219
