Laufzeit: 59.343148500000005s
Einnahmen: 8028€
Standplätze: 490
8 9 503 508
10 15 965 967
13 18 980 981
14 15 969 977
13 18 978 979
8 13 522 523
13 14 969 970
13 14 971 974
13 18 979 980
13 14 970 971
13 18 984 988
8 15 981 984
8 13 734 744
8 13 557 560
8 13 579 583
8 18 990 992
8 18 988 990
8 13 560 562
8 13 523 524
13 18 995 998
8 18 992 995
8 12 570 574
13 16 551 553
8 18 584 590
8 14 356 357
8 10 311 314
8 9 50 56
8 10 314 317
15 18 258 260
16 18 68 71
15 16 35 41
8 14 357 358
12 18 556 557
13 15 553 556
8 14 358 359
13 15 557 560
14 17 344 346
13 16 560 562
8 13 320 321
8 13 303 304
8 13 317 318
12 17 562 563
8 13 322 323
13 18 564 565
13 18 563 564
13 18 566 567
8 13 321 322
8 13 323 324
13 18 565 566
13 18 568 569
13 18 570 571
13 18 567 568
8 13 324 325
13 18 569 570
8 13 326 327
12 17 571 572
13 18 572 573
8 13 325 326
13 18 573 574
13 18 574 575
17 18 113 118
10 15 575 576
13 18 576 577
8 13 327 328
8 13 332 333
11 16 578 579
9 14 450 451
13 18 577 578
8 9 129 133
17 18 118 122
8 10 334 336
13 15 581 583
13 15 579 581
8 12 201 202
8 9 347 351
8 12 333 334
17 18 122 125
17 18 144 148
8 11 143 144
13 14 451 454
8 9 292 295
16 17 35 38
16 17 38 39
13 16 583 584
13 14 543 546
11 12 197 200
8 9 351 354
8 11 265 266
14 15 249 251
11 12 50 51
15 17 41 42
11 16 657 664
8 18 596 601
8 17 632 636
13 18 670 676
8 17 590 596
13 18 643 650
8 16 601 607
9 14 616 624
10 15 607 616
8 13 359 367
8 13 385 394
8 18 624 628
8 13 400 408
8 18 628 632
13 18 650 657
11 14 354 356
8 15 436 438
8 15 438 440
13 16 440 444
13 17 444 447
14 17 450 454
13 18 454 456
13 17 447 450
8 11 197 201
13 18 458 460
8 13 91 93
12 17 456 458
13 18 460 462
12 17 462 464
13 18 464 466
11 16 466 468
9 14 350 352
8 13 111 113
13 18 470 472
13 18 468 470
8 18 472 473
13 18 480 482
8 13 192 194
13 18 473 475
13 18 475 477
13 18 477 479
8 13 159 161
8 18 479 480
13 18 482 484
13 18 484 486
12 17 486 488
13 18 488 490
13 18 490 492
8 13 272 274
8 18 492 493
8 13 274 276
8 13 280 282
9 14 352 354
13 18 493 495
13 18 498 500
13 18 495 497
8 18 497 498
8 13 282 284
13 18 500 502
8 13 284 286
8 18 502 503
8 13 286 288
13 18 511 513
13 18 503 505
13 18 505 507
13 18 507 509
12 17 509 511
12 17 520 522
13 18 522 524
13 18 513 515
12 17 515 517
13 18 517 519
8 18 519 520
8 18 524 525
13 18 528 530
8 13 288 290
11 16 525 527
8 18 527 528
8 13 290 292
13 18 530 532
13 16 532 535
9 12 292 295
8 12 295 297
8 11 262 265
8 16 542 543
10 13 241 244
8 12 306 308
13 17 535 537
8 10 297 301
13 15 537 541
8 16 541 542
14 16 543 547
8 12 301 303
9 16 550 551
8 15 549 550
12 16 547 549
17 18 35 42
8 10 308 311
15 18 256 258
8 14 546 547
15 18 260 262
8 15 842 843
8 13 495 496
8 12 461 463
8 15 841 842
13 18 851 852
13 15 843 846
8 10 498 501
8 11 354 356
8 14 846 847
11 16 847 848
13 18 848 849
17 18 71 73
8 13 420 421
8 13 471 472
13 18 849 850
10 15 850 851
13 18 852 853
17 18 148 152
8 13 478 479
8 13 496 497
13 14 854 858
8 12 399 400
13 18 853 854
8 10 466 468
8 9 133 134
15 16 252 253
14 15 616 619
17 18 226 228
13 18 884 888
8 13 528 536
13 18 874 878
8 17 858 862
8 17 865 868
8 18 862 865
11 17 868 872
12 17 922 923
13 18 894 897
9 13 503 509
13 18 880 884
8 18 872 874
13 18 900 903
8 18 878 880
13 18 897 900
9 15 908 910
8 18 888 890
8 18 890 892
8 18 892 894
13 18 903 906
8 13 511 514
8 18 910 911
8 15 906 908
9 14 917 919
13 18 915 917
8 13 501 502
8 10 551 557
13 18 913 915
11 16 911 913
8 14 919 920
8 13 517 519
17 18 244 248
8 13 514 515
13 18 920 921
8 18 953 955
10 15 944 951
13 18 921 922
12 14 923 924
8 18 928 932
8 18 924 928
8 13 536 540
8 16 967 968
8 13 643 653
8 18 932 936
8 18 951 953
13 18 936 944
8 13 563 570
8 9 248 249
12 18 977 978
8 16 968 969
8 13 543 546
13 18 955 959
13 18 959 963
8 16 963 965
9 14 664 670
8 13 408 415
9 14 636 643
8 18 685 688
8 18 676 679
11 16 688 694
8 18 679 682
8 18 694 697
8 18 697 700
8 18 682 685
13 17 721 727
13 17 700 707
13 18 741 745
8 13 415 420
8 13 369 373
9 16 707 711
8 16 731 734
10 17 711 715
9 18 715 718
8 17 718 721
13 16 734 741
13 18 777 780
8 14 727 731
8 18 745 747
8 13 425 429
13 18 757 761
8 13 440 444
8 13 429 432
8 18 747 749
8 18 749 751
8 18 751 753
9 14 753 757
13 18 761 765
8 13 447 450
8 18 0 7
13 16 768 774
8 18 30 35
13 18 806 808
8 18 205 208
8 14 765 768
13 18 42 51
8 14 774 777
8 18 7 13
8 13 451 454
8 13 394 397
8 18 13 19
13 18 789 792
13 18 783 786
8 18 19 25
8 13 444 447
8 18 25 30
13 18 780 783
8 18 56 60
8 11 454 458
8 15 35 42
8 13 473 476
8 18 60 64
13 18 786 789
9 18 51 56
13 18 804 806
8 18 64 68
13 18 799 801
8 16 68 73
8 13 458 461
8 13 42 50
13 18 792 795
8 18 81 85
8 13 468 471
8 18 73 77
13 18 821 823
8 18 77 81
13 18 801 803
13 18 132 139
13 16 795 799
8 16 144 148
13 18 825 827
13 18 85 93
8 18 808 809
8 18 93 97
8 13 464 466
8 18 97 101
8 18 803 804
8 18 101 105
8 13 476 478
13 18 105 113
13 18 812 814
8 17 113 117
13 18 814 816
8 17 117 121
13 18 809 811
8 17 121 125
10 15 837 839
13 18 125 132
8 18 811 812
8 16 148 152
13 18 816 818
11 18 139 144
8 18 818 819
8 18 152 155
13 18 823 825
8 18 164 167
8 13 480 482
8 18 170 173
13 18 819 821
13 18 155 161
8 18 834 835
8 18 161 164
13 18 835 837
8 18 176 179
13 18 832 834
8 18 167 170
13 18 827 829
8 18 182 185
8 13 482 484
8 18 173 176
13 18 829 831
13 18 188 194
8 13 484 486
8 18 179 182
13 17 839 841
8 18 194 197
8 18 831 832
8 18 185 188
8 13 488 490
8 18 202 205
11 13 297 301
8 18 208 211
8 12 397 399
12 18 197 202
8 13 490 492
8 13 85 91
8 13 493 495
8 15 434 436
8 17 226 229
8 18 214 217
8 18 211 214
13 18 234 239
13 18 217 223
8 18 223 226
10 15 244 249
13 18 229 234
8 15 256 259
13 18 239 244
11 16 262 266
8 14 249 253
8 12 105 111
8 16 253 256
8 18 266 268
8 15 259 262
8 18 268 270
8 18 270 272
13 18 272 276
8 18 276 278
8 18 278 280
13 18 280 284
13 18 284 288
13 18 288 292
13 18 292 296
8 13 125 129
13 18 300 304
13 18 296 300
9 13 129 134
8 13 134 138
8 18 304 306
13 18 306 310
13 18 310 314
13 18 314 318
8 13 188 192
8 13 155 159
13 18 320 324
8 18 318 320
13 18 324 328
8 18 328 330
8 18 330 332
13 18 332 336
8 18 336 338
8 17 338 340
8 17 340 342
8 17 342 344
8 14 344 347
14 16 350 359
15 17 244 252
11 17 347 350
13 18 388 391
13 15 359 367
8 16 367 369
13 17 369 373
8 16 373 375
8 11 138 143
8 16 377 379
9 17 375 377
8 16 379 381
8 16 381 383
8 16 383 385
13 18 385 388
8 13 220 223
8 13 217 220
13 18 394 397
13 18 391 394
8 13 229 232
8 13 232 235
12 17 397 400
13 18 400 403
13 18 412 415
13 18 406 409
13 18 403 406
8 13 238 241
13 18 409 412
8 13 235 238
13 18 415 418
13 18 418 421
13 15 425 432
8 15 432 434
8 15 421 423
8 15 423 425
8 10 241 248
