Laufzeit: 58.2418868s
Einnahmen: 9060€
Standplätze: 498
8 15 979 981
13 18 967 970
8 18 599 601
8 13 622 625
13 18 961 964
13 18 973 976
8 13 612 615
8 15 981 983
13 18 970 973
8 13 625 628
13 18 958 961
8 13 584 587
8 13 587 590
13 18 964 967
8 13 615 618
8 11 579 584
14 17 759 765
13 18 447 452
13 18 464 470
8 13 605 608
13 18 937 941
13 18 933 937
14 16 744 753
12 18 741 742
8 18 931 933
8 18 929 931
13 18 921 925
13 18 917 921
13 18 913 917
13 18 909 913
8 12 575 579
11 17 941 944
8 18 849 852
13 18 901 905
8 18 852 855
8 13 569 573
13 18 897 901
13 18 893 897
15 17 309 317
8 18 905 907
8 16 886 889
8 18 927 929
8 16 880 883
8 18 891 893
8 18 694 698
8 18 889 891
8 18 925 927
10 15 869 874
8 18 907 909
8 16 883 886
8 13 556 561
13 18 864 869
8 18 855 858
8 18 861 864
8 18 858 861
11 18 828 833
13 18 753 755
8 18 846 849
17 18 53 55
15 17 48 49
8 9 267 270
13 18 581 586
8 13 686 687
8 10 256 258
13 18 717 719
8 9 264 267
11 12 517 520
13 18 698 700
8 10 309 312
8 18 998 999
14 15 454 457
8 11 340 341
13 18 757 759
8 9 282 283
9 12 644 647
17 18 57 61
8 10 178 182
8 12 515 516
8 16 729 730
8 13 608 609
8 18 738 741
17 18 49 53
8 12 468 470
8 12 516 517
8 16 693 694
13 18 755 757
8 18 734 735
8 17 692 693
8 11 477 480
8 13 514 515
8 18 691 692
8 13 513 514
13 18 689 691
8 18 743 744
8 11 337 340
8 13 512 513
8 11 480 483
8 9 285 286
8 18 688 689
13 18 742 743
13 18 686 688
8 13 511 512
8 13 466 468
8 13 748 749
12 17 684 686
8 13 689 691
8 18 703 709
8 9 64 69
13 18 682 684
15 18 180 182
13 18 680 682
13 14 748 749
8 16 652 654
8 13 509 510
8 18 672 673
8 18 736 737
8 13 464 466
8 13 507 508
13 18 670 672
8 13 508 509
8 13 449 451
8 13 510 511
13 18 668 670
8 13 505 506
8 13 447 449
8 18 735 736
8 18 665 666
8 13 506 507
13 18 489 493
11 14 761 763
13 18 661 663
8 13 492 493
8 13 435 437
8 13 491 492
9 14 747 748
8 13 437 439
8 12 618 620
13 18 666 668
8 14 764 765
8 18 658 659
8 13 490 491
12 17 654 656
13 18 656 658
8 16 731 732
8 13 433 435
8 13 489 490
13 18 650 652
8 12 595 597
8 11 654 658
8 13 451 452
8 13 431 433
8 13 219 220
13 18 648 650
8 13 191 192
8 18 643 644
13 18 641 643
8 13 77 78
13 18 639 641
8 13 629 631
13 18 637 639
13 18 726 728
13 18 635 637
8 14 721 722
13 18 633 635
8 13 636 638
13 18 575 578
13 18 322 329
13 18 629 631
8 10 286 289
13 18 646 648
8 18 991 994
8 18 628 629
9 14 759 761
13 18 644 646
8 10 182 185
8 13 429 431
13 18 719 721
13 18 626 628
15 16 42 48
13 18 624 626
8 10 61 64
13 18 622 624
15 18 55 57
15 18 178 180
10 17 713 714
12 17 618 620
8 9 196 202
13 18 616 618
8 15 712 713
13 18 612 614
8 14 714 715
13 18 614 616
9 16 711 712
8 18 609 610
8 15 709 710
8 13 401 403
8 15 710 711
13 18 607 609
17 18 42 49
13 18 605 607
13 18 569 573
8 13 391 393
8 16 948 952
8 13 413 415
8 12 483 485
8 18 603 604
14 18 200 202
8 13 379 381
11 13 477 481
9 14 744 746
14 16 381 385
8 16 631 633
14 15 314 322
13 18 597 599
17 18 78 82
12 17 595 597
13 18 593 595
8 17 620 622
8 18 604 605
8 18 592 593
13 18 588 590
13 18 590 592
8 13 307 309
10 13 647 650
13 18 586 588
11 17 337 341
8 10 55 61
13 18 411 415
8 17 879 880
8 13 680 683
9 15 573 575
8 18 610 612
8 15 567 569
8 15 565 567
8 15 563 565
14 17 196 200
13 18 557 560
13 18 560 563
8 11 252 256
8 13 423 426
13 18 554 557
8 13 407 410
8 13 426 429
8 13 410 413
13 18 551 554
8 13 395 398
13 18 545 548
8 13 398 401
13 18 539 542
13 18 542 545
13 18 548 551
8 13 385 388
13 18 536 539
13 18 533 536
8 13 388 391
8 13 376 379
13 18 527 530
8 13 373 376
13 18 521 524
13 18 530 533
13 18 515 518
13 18 518 521
8 13 358 361
13 18 524 527
13 18 509 512
13 17 505 509
8 16 503 505
8 16 501 503
8 13 742 743
8 16 499 501
8 16 497 499
9 17 495 497
8 9 283 285
8 18 786 794
8 14 454 457
8 13 698 700
8 16 493 495
8 18 663 665
17 18 160 165
8 12 726 728
8 16 487 489
8 16 874 879
13 18 407 411
8 18 700 703
8 13 757 759
8 18 405 407
13 18 578 581
8 10 821 828
8 17 475 477
8 15 955 958
8 13 369 373
9 18 473 475
8 17 952 955
8 18 403 405
13 18 512 515
13 18 399 403
8 18 994 998
13 18 395 399
8 14 461 464
8 18 393 395
8 13 365 369
8 17 459 461
13 18 389 393
8 17 457 459
8 13 347 351
8 14 470 473
13 18 385 389
8 18 417 419
8 13 666 670
9 13 353 358
8 18 601 603
13 18 377 381
8 18 445 447
13 18 373 377
8 18 443 445
13 18 369 373
8 18 441 443
13 18 365 369
8 18 439 441
8 18 363 365
13 18 435 439
8 18 361 363
13 18 431 435
9 14 381 385
13 18 427 431
13 18 423 427
8 18 452 454
13 18 353 357
8 18 421 423
8 13 303 307
8 18 419 421
8 18 351 353
13 18 347 351
8 18 345 347
8 18 343 345
8 18 341 343
8 13 753 757
8 13 299 303
8 18 335 337
13 18 357 361
8 13 326 329
8 18 415 417
8 15 332 335
13 18 486 487
8 12 231 237
11 12 481 482
9 13 264 270
8 18 843 846
8 13 661 663
10 15 309 314
16 17 45 46
8 14 314 318
13 18 477 486
8 13 226 231
17 18 155 158
8 14 318 322
14 15 470 472
13 18 299 304
8 9 353 357
13 18 304 309
17 18 151 155
8 17 293 296
8 13 642 643
8 13 214 219
8 10 312 314
8 17 296 299
8 14 750 751
9 18 290 293
8 14 749 750
8 18 279 282
8 9 289 293
10 17 286 290
8 12 650 651
8 18 273 276
16 18 61 64
9 16 282 286
14 17 461 463
8 18 276 279
8 16 732 733
8 18 261 264
8 15 733 734
8 18 270 273
8 16 730 731
13 18 264 270
16 17 42 45
8 18 249 252
8 13 640 642
8 13 185 191
8 13 638 640
11 16 252 258
8 14 763 764
8 13 597 599
8 18 243 246
8 13 593 595
8 15 329 332
12 17 767 769
8 18 237 240
8 13 561 563
8 18 246 249
13 18 715 717
8 18 240 243
8 18 659 661
8 18 223 226
8 18 766 767
12 18 232 237
8 13 590 592
13 18 226 232
8 13 670 672
8 18 211 214
8 18 765 766
8 18 220 223
8 15 989 991
8 18 205 208
8 15 987 989
13 18 214 220
8 15 985 987
8 18 208 211
8 13 633 636
9 14 196 202
8 15 983 985
13 18 185 192
13 18 976 979
8 18 258 261
17 18 158 160
10 15 178 185
8 13 651 652
8 13 171 178
8 11 517 519
8 17 167 171
9 11 683 686
8 17 163 167
8 14 746 747
8 17 159 163
8 18 673 680
8 17 155 159
12 18 737 738
8 17 151 155
8 13 485 487
8 18 147 151
8 17 944 948
13 18 139 147
8 13 139 147
9 14 751 753
13 18 123 131
8 18 135 139
8 18 131 135
8 13 123 131
13 18 111 119
8 18 119 123
8 13 111 119
8 18 107 111
8 13 69 77
8 18 103 107
8 18 99 103
8 18 840 843
8 18 95 99
8 13 549 556
8 18 91 95
13 18 821 828
8 18 87 91
8 18 806 810
8 18 83 87
8 18 802 806
13 18 171 178
8 18 798 802
13 18 69 78
8 18 794 798
8 16 192 196
8 15 722 726
10 15 55 64
8 18 837 840
8 11 519 520
8 16 49 55
8 16 833 837
8 17 78 83
8 13 540 549
8 18 37 42
8 18 781 786
8 13 687 688
9 18 64 69
8 13 520 530
8 18 27 32
8 13 530 540
8 18 21 27
8 18 769 775
8 18 15 21
9 14 814 821
8 15 42 49
9 18 810 814
8 18 32 37
8 17 775 781
8 18 202 205
15 16 57 58
8 18 8 15
8 18 728 729
8 13 322 326
8 13 715 721
8 18 0 8
