1000
14 17 638
12 14 19
15 18 179
13 18 811
12 14 430
15 16 143
13 17 227
16 17 990
9 17 117
13 15 729
12 17 99
9 10 474
11 15 979
13 16 295
15 16 802
16 17 406
14 18 664
9 11 869
9 13 497
8 9 559
14 15 527
11 18 596
16 17 378
10 15 38
12 14 593
14 18 625
10 15 217
8 17 721
17 18 606
15 17 71
16 17 258
8 18 808
10 13 810
17 18 11
16 17 519
9 13 624
14 16 877
9 15 594
16 18 220
11 12 940
14 15 244
14 17 311
16 18 256
17 18 111
11 18 643
15 18 444
15 16 277
13 18 710
12 17 294
13 15 17
12 17 8
17 18 919
14 16 756
10 13 765
11 15 510
15 17 19
17 18 550
15 16 677
9 16 308
9 11 699
10 16 480
16 17 213
15 18 614
15 18 290
17 18 323
13 16 954
17 18 970
17 18 406
12 16 300
9 16 499
9 14 354
11 17 810
8 13 631
17 18 18
8 13 494
14 17 999
9 14 635
11 18 838
15 16 622
13 17 964
14 17 821
11 16 617
8 16 294
13 18 310
15 16 21
10 17 780
8 15 984
9 14 331
14 18 931
12 15 608
13 14 878
12 18 575
16 17 850
17 18 9
17 18 773
15 16 884
11 13 178
17 18 631
11 16 88
9 12 247
16 17 395
14 18 530
14 17 496
9 15 106
16 18 700
9 14 203
16 17 782
10 15 399
8 9 708
14 15 968
8 18 785
14 16 824
17 18 623
14 15 780
12 18 432
8 16 825
10 12 57
12 13 622
11 17 556
8 14 868
16 17 72
10 13 429
11 14 863
9 12 254
14 18 903
10 14 371
8 13 518
12 17 633
13 16 358
12 18 920
9 15 472
11 15 30
16 17 387
15 16 276
10 13 426
12 14 95
8 13 762
17 18 550
14 15 713
8 17 564
17 18 62
11 15 865
13 15 818
14 17 887
13 16 132
9 16 221
8 17 974
15 17 729
9 18 276
8 11 182
13 14 959
10 11 388
11 12 262
15 16 762
10 11 817
9 11 777
13 18 12
14 16 293
17 18 976
13 15 566
10 12 847
13 18 275
8 10 473
16 18 891
11 13 600
9 11 327
17 18 284
13 18 937
13 17 775
17 18 510
9 16 367
13 18 427
15 16 914
14 18 424
17 18 981
17 18 993
11 18 198
14 17 631
9 11 896
17 18 122
16 17 648
11 16 286
9 16 690
17 18 354
8 9 452
17 18 970
8 12 711
13 17 947
10 18 297
9 14 156
16 17 284
8 18 763
10 18 538
15 16 174
10 18 509
11 18 517
16 17 923
9 15 198
9 12 821
11 14 753
11 16 751
12 15 46
15 16 368
16 18 472
10 11 416
8 15 579
17 18 832
9 12 429
13 14 230
13 16 511
16 18 837
15 18 331
9 14 551
11 17 645
17 18 217
15 18 284
14 18 2
15 16 71
17 18 678
13 16 438
9 12 504
15 16 136
16 18 857
15 17 383
13 17 454
12 15 392
8 13 645
14 16 870
14 18 47
9 15 99
13 17 608
8 9 143
11 16 718
8 17 303
11 18 740
16 17 811
17 18 5
16 17 1000
11 16 809
13 15 127
9 12 544
8 11 476
12 17 503
8 9 791
10 14 258
17 18 326
16 17 769
11 17 697
10 11 168
8 13 669
14 15 331
17 18 465
16 18 338
13 17 799
8 10 282
10 18 389
16 18 636
15 16 263
12 16 148
17 18 980
16 17 842
15 18 827
9 18 306
9 12 457
9 12 256
11 15 656
10 15 509
8 16 20
15 16 181
17 18 247
15 16 512
15 18 664
16 17 610
17 18 827
14 15 178
9 12 344
9 16 956
8 13 474
13 15 627
13 15 734
16 17 328
14 15 569
12 15 844
16 18 781
15 17 735
11 14 351
14 17 89
8 16 956
13 16 835
11 18 431
11 18 606
11 16 60
16 17 742
9 11 443
14 16 571
16 18 772
17 18 380
12 14 123
8 13 447
9 10 36
10 11 723
11 16 26
13 17 279
10 17 117
12 15 143
16 18 617
11 13 192
9 15 529
8 13 546
15 16 438
12 14 748
10 13 50
11 17 56
13 18 648
10 15 81
11 14 428
17 18 112
16 18 439
10 16 311
9 14 131
17 18 942
14 16 988
17 18 43
10 12 478
14 16 881
12 17 82
13 18 471
13 16 799
10 12 43
16 18 200
16 17 296
14 15 379
11 12 6
8 16 555
16 17 942
12 14 530
15 18 312
9 12 246
16 17 911
12 17 103
13 18 818
16 18 928
10 18 649
15 18 669
8 13 605
17 18 218
9 12 559
12 18 30
13 14 993
15 17 223
12 15 90
8 12 424
15 16 833
10 12 181
17 18 768
15 18 341
12 15 108
13 18 982
12 18 65
10 18 689
11 14 6
17 18 233
13 14 657
15 17 488
8 16 505
13 17 692
13 16 80
15 18 987
14 18 394
10 12 710
11 17 441
8 18 761
10 15 397
10 14 143
12 16 670
16 17 809
11 17 518
14 18 845
16 18 857
14 17 237
14 17 955
14 18 430
16 18 130
11 15 522
16 18 515
8 12 817
12 16 190
10 14 423
17 18 747
11 12 70
8 12 859
14 18 224
13 14 92
8 9 574
9 14 780
14 16 749
9 16 807
9 13 262
17 18 867
9 12 387
10 17 623
15 17 301
11 13 689
13 14 761
16 18 364
15 17 238
16 17 694
17 18 790
14 16 329
13 15 736
12 18 582
16 18 87
13 18 274
16 18 47
8 15 99
8 18 571
11 17 434
9 14 62
17 18 257
17 18 69
11 18 26
8 9 662
16 17 511
12 14 683
10 13 634
16 18 889
13 16 989
12 14 165
17 18 892
8 14 933
9 18 433
11 13 60
15 17 997
11 18 165
15 17 681
13 16 253
16 17 755
13 17 74
16 18 803
11 15 736
15 18 92
9 18 763
13 14 985
10 14 593
8 13 829
16 18 395
10 15 653
17 18 199
12 17 606
13 14 5
8 17 695
10 14 359
17 18 236
9 18 10
8 10 530
15 17 521
11 18 333
13 18 652
14 17 695
15 16 738
9 13 732
12 14 712
10 12 850
9 16 515
16 18 991
13 16 49
11 18 239
10 13 317
14 18 406
16 18 817
16 17 441
15 18 242
14 15 188
12 16 464
17 18 433
10 12 501
12 13 574
12 16 75
16 18 332
12 14 348
12 17 980
16 17 557
9 14 129
16 18 12
8 13 666
15 17 374
11 12 42
17 18 465
8 9 777
17 18 188
16 17 846
13 14 117
15 16 392
8 14 872
12 17 193
10 14 561
8 17 95
15 17 520
9 17 568
9 11 316
17 18 387
16 18 548
8 15 685
14 15 446
13 15 283
15 17 12
10 11 745
14 16 65
13 16 129
15 18 775
10 16 475
17 18 953
12 16 124
11 18 580
15 16 132
8 9 239
12 15 490
17 18 136
14 15 893
12 17 860
10 17 69
12 16 555
9 11 351
14 18 251
10 15 243
11 15 292
9 14 309
16 17 437
16 18 76
11 13 613
16 17 549
17 18 466
13 17 957
15 17 341
15 16 752
15 18 785
8 11 67
12 14 409
9 14 772
14 17 216
13 16 465
9 11 218
9 17 335
13 18 812
13 16 244
16 18 753
13 18 268
13 14 943
14 17 720
8 9 367
8 14 686
14 15 780
9 14 678
9 10 364
15 17 580
8 17 992
14 16 632
8 10 673
14 15 702
10 16 719
17 18 308
8 9 860
10 14 462
13 18 319
10 18 497
17 18 737
12 13 677
14 16 215
13 14 109
10 15 839
16 17 859
9 13 518
10 18 973
12 17 164
11 17 688
14 18 518
13 17 764
14 16 731
10 15 387
12 17 812
8 12 703
12 17 896
11 13 838
17 18 12
11 14 444
17 18 524
17 18 187
12 17 368
16 17 220
9 16 346
11 13 414
8 9 546
17 18 899
10 14 38
16 18 589
13 16 662
15 17 115
10 17 163
15 17 13
14 18 691
14 18 857
11 15 16
16 18 206
11 18 403
17 18 403
13 17 176
15 17 229
9 11 232
12 18 364
10 15 216
17 18 968
14 15 270
12 18 916
16 17 337
10 11 63
9 10 114
11 17 137
8 15 435
15 17 42
12 15 358
10 13 59
8 11 423
14 15 523
13 18 403
10 12 657
16 18 558
12 14 219
16 18 415
17 18 516
8 14 269
12 13 567
12 16 638
15 16 572
8 18 409
15 17 78
14 15 36
12 13 259
14 18 406
17 18 724
11 12 691
14 15 746
12 15 934
9 12 97
15 17 437
10 13 745
11 13 615
9 14 143
17 18 540
9 17 83
11 16 195
12 17 923
16 17 677
16 18 513
12 14 626
14 15 117
14 16 590
12 15 828
14 16 6
10 15 253
8 10 679
12 16 189
13 17 794
8 14 650
13 16 86
10 18 620
10 11 265
8 16 202
15 16 67
8 13 195
17 18 594
13 18 422
17 18 886
13 15 890
16 18 131
17 18 517
14 18 153
15 17 475
13 14 552
15 17 883
14 15 167
10 15 795
15 17 482
10 16 176
14 15 977
11 12 480
12 16 22
14 17 54
11 14 366
12 13 709
10 11 128
10 18 863
15 17 951
8 14 378
11 17 537
8 9 855
13 18 562
14 18 7
9 10 773
13 16 921
16 18 410
12 18 12
16 17 300
12 15 171
10 16 480
14 15 450
16 18 684
17 18 321
9 14 279
8 11 569
12 15 877
16 18 830
13 16 124
10 14 830
17 18 790
9 17 143
10 11 803
14 16 789
17 18 291
13 15 751
11 14 333
10 17 452
17 18 130
12 16 226
16 17 471
9 10 522
11 16 217
14 18 559
8 9 862
13 14 825
8 10 868
10 15 699
17 18 9
10 16 658
14 18 783
14 18 303
12 13 491
17 18 857
16 18 545
8 18 696
8 9 995
10 15 67
14 18 267
11 17 863
17 18 282
13 18 59
13 17 180
17 18 383
14 15 620
9 16 5
16 17 329
12 17 976
15 16 683
8 16 269
12 13 958
12 18 634
15 16 205
14 18 554
15 16 215
8 18 972
8 9 674
13 18 220
17 18 695
12 16 143
11 16 708
13 16 188
9 14 585
10 11 173
15 17 958
11 15 459
11 13 168
12 18 369
11 15 912
8 18 351
16 18 457
12 15 496
17 18 858
8 15 839
14 18 614
10 11 770
12 15 592
9 15 470
13 18 574
10 13 469
11 16 406
11 13 871
17 18 255
15 16 500
17 18 622
8 15 827
16 18 288
13 15 505
16 18 122
10 18 17
9 12 331
12 15 49
16 18 334
16 17 302
14 17 298
11 16 391
8 14 282
10 13 614
8 15 676
11 12 773
12 13 529
15 18 302
13 14 953
12 18 292
8 14 627
9 18 74
13 14 395
12 18 355
15 17 836
15 17 786
9 14 413
12 15 272
8 16 778
17 18 203
8 13 217
14 15 205
10 12 769
8 17 389
17 18 89
8 13 642
8 13 495
9 14 102
13 16 384
12 18 986
11 17 807
11 17 562
9 12 679
8 16 892
11 17 667
10 12 420
12 13 465
12 13 462
10 13 456
17 18 987
17 18 602
15 18 519
8 14 340
8 11 640
10 11 872
10 13 265
10 17 582
8 13 680
17 18 348
15 18 874
9 12 159
11 13 614
16 18 994
15 17 266
13 15 194
17 18 922
11 16 380
15 16 989
12 14 570
13 16 31
9 12 485
9 15 768
12 13 459
10 11 798
10 15 542
12 14 554
10 13 936
16 17 506
13 14 501
14 15 350
8 12 335
9 16 808
12 14 294
12 17 946
11 15 326
16 17 196
12 18 153
11 16 736
8 13 634
14 18 443
16 17 945
12 14 683
15 16 552
11 15 873
10 18 661
12 13 665
13 17 822
16 17 564
9 17 600
9 11 745
9 12 77
12 15 305
14 15 373
16 17 863
11 16 753
15 18 808
14 17 377
14 15 976
12 17 230
14 17 475
16 18 94
17 18 66
9 14 674
13 14 718
17 18 987
10 17 899
17 18 86
17 18 340
16 18 941
13 15 534
12 13 546
13 17 208
17 18 918
13 15 260
8 12 687
8 17 630
12 14 521
14 16 166
14 18 133
15 17 570
9 17 707
16 18 542
8 18 232
15 17 751
14 18 134
17 18 924
8 15 359
13 15 10
12 17 611
16 18 920
9 16 529
17 18 589
14 16 231
16 18 320
10 11 946
10 17 175
15 18 227
14 18 18
11 13 97
15 16 345
10 16 871
17 18 983
12 18 512
11 13 365
11 13 179
13 15 429
9 18 911
13 14 168
8 16 126
8 11 542
8 18 246
14 16 810
17 18 531
8 9 611
12 17 583
14 15 768
10 14 187
17 18 973
9 11 775
15 18 49
8 17 994
8 13 822
11 16 357
14 16 137
9 13 689
17 18 149
15 18 128
13 18 302
17 18 24
10 11 901
8 12 990
16 18 677
12 15 629
16 18 336
17 18 4
16 17 842
10 16 285
16 17 280
13 15 120
13 17 62
10 17 110
11 17 870
15 18 686
12 15 526
9 14 139
9 14 469
8 14 53
8 15 388
11 14 958
8 9 920
17 18 739
11 14 716
11 18 562
13 17 134
15 17 142
8 13 165
8 17 145
12 13 316
16 18 960
17 18 182
14 16 590
15 17 129
10 11 264
