1000
10 18 8
11 17 23
12 13 59
8 11 23
11 18 18
11 15 6
14 16 165
8 17 20
8 18 5
11 14 16
8 18 23
8 18 9
8 10 13
16 18 20
8 18 12
9 18 14
9 16 8
11 17 9
8 18 20
9 16 10
8 17 7
8 17 11
9 14 29
13 16 26
14 16 107
8 17 12
16 18 102
13 16 17
10 12 110
10 15 20
12 13 50
11 13 20
15 17 61
16 17 146
11 18 13
12 14 72
8 18 24
10 18 10
13 15 8
11 12 39
10 18 11
9 17 1
8 10 144
8 16 10
13 15 64
12 16 25
9 10 106
9 13 32
9 16 42
9 18 40
12 18 21
10 16 4
8 17 7
8 18 20
9 10 71
8 18 11
14 17 29
11 15 11
12 15 35
13 17 31
15 18 17
15 17 62
8 13 14
9 17 14
8 16 10
12 17 55
12 18 21
8 10 80
10 18 27
8 15 19
10 18 17
9 12 17
8 14 16
8 11 24
11 15 15
11 18 16
12 16 26
11 18 10
10 18 10
11 12 52
11 13 38
10 11 28
12 13 261
13 17 24
9 11 4
10 17 21
9 17 13
15 16 82
9 13 8
9 17 11
15 16 153
8 18 4
10 11 45
8 16 4
13 18 18
13 17 13
11 17 19
10 16 21
14 17 24
8 17 9
8 16 12
13 18 34
13 15 92
13 16 25
14 15 13
16 18 67
8 15 26
10 17 25
11 16 26
13 18 9
15 17 29
15 16 166
10 13 44
8 17 15
11 18 17
8 14 2
8 18 11
11 14 16
10 11 201
13 18 35
8 9 83
8 16 9
15 16 169
15 18 25
10 18 5
9 13 23
8 15 23
12 14 28
15 18 93
8 18 23
9 16 11
15 18 20
13 18 19
8 18 5
8 12 44
9 18 15
11 17 3
12 17 30
9 18 24
9 18 1
8 17 4
15 18 133
10 11 112
9 15 27
8 10 64
13 16 22
8 15 37
9 17 22
16 17 354
11 15 17
9 10 88
8 15 8
11 12 53
16 17 192
9 14 34
15 16 44
8 17 12
9 14 3
10 16 7
8 14 10
11 14 44
10 13 35
9 15 25
10 14 35
8 11 41
11 14 7
12 17 23
8 14 3
8 13 24
11 16 10
9 18 10
12 17 31
14 18 7
9 11 25
12 17 31
8 16 24
16 18 18
8 16 11
13 14 40
17 18 135
10 11 134
13 14 9
8 13 22
10 17 8
15 18 41
9 14 17
11 15 18
12 16 24
8 17 19
8 11 33
9 17 6
13 18 34
8 18 1
8 9 138
12 17 26
8 17 9
9 16 16
10 16 13
11 16 23
10 15 35
9 18 15
9 13 32
8 13 12
9 18 16
13 16 36
8 16 53
14 16 31
11 18 23
11 14 100
12 16 15
11 17 11
11 17 17
15 18 38
11 18 7
8 16 20
10 14 30
11 13 26
13 15 101
12 13 223
8 16 5
11 16 16
8 15 12
11 15 67
8 17 9
15 18 13
8 13 5
11 16 33
9 16 6
8 17 21
10 11 50
16 17 123
11 15 28
9 17 6
8 16 10
8 13 6
13 15 8
13 16 32
9 17 7
13 15 80
12 18 33
10 15 6
8 16 8
12 18 14
13 16 60
8 15 5
9 17 17
10 16 4
8 13 12
8 18 8
9 18 7
10 15 7
9 12 18
8 15 17
11 12 151
9 17 4
13 18 23
10 15 38
16 17 50
9 16 6
8 14 42
8 12 18
9 16 4
8 12 16
15 17 18
9 13 54
8 18 9
11 15 47
8 16 19
17 18 83
13 16 25
8 16 7
10 18 16
10 17 17
8 18 13
9 14 9
9 16 26
11 13 35
11 15 36
8 10 61
10 18 16
14 18 22
8 10 43
10 15 34
8 18 4
10 12 92
9 18 25
8 17 14
8 16 35
14 17 20
8 15 29
9 16 18
9 17 15
13 15 60
11 12 178
10 14 48
15 18 40
9 10 38
10 17 2
10 17 27
10 14 70
17 18 140
8 10 55
13 14 21
15 18 19
14 15 108
14 17 81
8 12 24
12 16 26
14 17 44
10 14 34
11 18 6
12 18 17
8 17 24
9 17 10
9 18 20
9 15 5
15 16 95
9 14 7
8 18 30
9 17 9
9 14 28
9 11 60
9 12 108
9 12 38
12 13 88
8 17 17
8 15 7
8 11 46
15 18 17
15 16 52
8 18 5
8 16 8
8 18 4
12 15 51
8 18 10
17 18 69
17 18 85
9 16 26
11 16 29
8 18 21
8 18 23
10 15 41
9 18 9
8 18 5
11 17 20
10 17 14
10 17 17
13 15 126
8 18 11
9 16 27
11 15 22
15 18 19
10 17 17
11 16 32
8 12 19
9 11 66
8 15 1
13 18 11
9 16 15
8 15 25
8 17 4
11 18 30
9 14 40
8 10 50
12 16 51
13 17 20
9 17 19
11 18 36
13 14 94
9 13 26
9 18 16
12 15 50
10 16 1
10 17 4
8 12 52
16 18 36
10 17 25
14 18 32
14 18 26
9 18 4
10 16 11
13 17 16
10 12 102
8 17 4
9 13 23
8 18 30
10 17 20
10 11 98
8 16 11
15 16 97
9 10 167
14 16 34
8 13 12
8 13 3
11 14 66
8 16 6
9 18 11
14 18 26
13 16 11
10 12 106
9 18 11
14 16 15
8 11 35
12 16 11
12 16 59
8 18 17
16 17 130
12 17 24
8 18 12
8 18 5
8 10 124
10 12 19
8 16 12
10 11 57
9 18 6
9 10 106
11 14 68
8 18 9
8 18 14
8 16 17
15 18 21
8 11 29
13 17 22
16 17 103
8 14 21
8 17 17
14 17 37
9 12 58
14 16 152
8 15 10
12 18 17
8 15 25
8 18 16
13 15 20
11 18 17
10 12 73
10 18 9
11 12 122
12 16 58
9 12 22
8 12 24
9 15 13
11 18 12
8 18 7
10 11 63
8 15 8
10 18 11
9 18 34
10 17 16
11 16 22
9 14 9
11 16 17
11 17 18
8 17 22
13 16 18
12 17 11
13 18 36
11 18 14
14 15 141
8 13 20
8 18 13
11 14 31
15 18 41
10 17 7
9 16 4
8 14 15
8 12 29
8 17 13
9 15 26
12 17 12
8 18 24
8 9 53
8 12 40
9 18 5
9 15 23
9 16 19
9 17 18
12 16 46
11 18 17
10 16 16
13 18 21
8 18 11
10 17 8
10 16 12
8 10 23
8 12 31
10 18 11
9 18 7
8 16 14
15 16 131
8 14 15
10 15 14
8 18 3
8 18 7
12 18 19
8 18 13
8 18 10
9 17 20
9 17 11
10 18 10
8 14 9
12 17 8
12 17 34
9 14 23
8 15 32
8 18 15
9 17 7
12 14 72
8 14 33
8 18 11
13 17 33
16 18 35
14 18 53
9 16 10
16 18 108
14 16 104
15 16 110
10 18 16
8 18 22
14 16 19
8 11 73
12 16 19
10 17 5
14 17 25
8 18 7
12 16 26
8 12 32
8 18 10
10 14 30
12 15 27
11 15 23
13 16 7
10 14 54
8 14 45
8 15 12
16 17 273
10 18 5
8 18 16
8 16 8
12 15 88
10 16 35
9 17 9
11 18 32
8 9 102
14 17 35
10 12 59
12 16 23
9 18 7
8 14 28
10 14 15
10 15 19
9 12 46
9 17 10
8 16 29
8 18 12
8 18 4
9 13 24
8 18 2
8 18 8
9 15 22
10 11 47
12 14 56
9 18 3
8 14 26
8 15 20
10 13 46
8 17 17
11 16 29
8 16 6
8 17 5
10 16 29
9 17 6
9 13 24
11 18 26
11 18 17
10 15 8
10 13 33
12 17 28
13 15 21
10 17 12
8 13 17
11 18 14
13 15 41
15 18 6
11 12 87
8 18 12
8 18 10
8 18 7
15 17 37
8 17 6
8 15 4
9 18 22
8 17 22
9 14 37
16 18 22
9 18 5
12 17 21
8 16 14
10 11 137
8 18 17
9 17 1
10 12 51
8 18 9
8 15 17
11 18 2
13 18 39
9 13 18
8 12 26
15 16 60
9 17 12
13 16 10
8 18 18
12 15 39
8 9 43
10 15 43
12 16 41
8 18 12
11 13 51
8 18 16
9 12 37
12 18 23
11 16 14
9 18 30
10 18 16
8 18 26
9 18 14
10 11 67
9 16 17
8 18 18
8 9 265
11 13 57
8 12 47
9 14 35
8 13 35
8 14 17
9 13 26
13 17 37
8 18 4
8 9 240
8 15 42
11 16 17
8 13 41
10 14 21
8 13 27
9 10 204
13 15 94
14 16 72
11 18 12
8 12 7
10 18 13
9 17 27
8 15 15
11 14 21
16 17 161
11 18 31
9 16 11
16 18 20
8 15 11
9 12 52
10 17 8
12 17 18
9 15 9
8 17 17
8 13 17
8 13 3
8 16 20
10 15 18
15 18 16
9 18 20
10 15 64
8 17 9
11 12 134
11 14 5
10 17 2
9 12 29
9 18 32
8 14 33
8 17 10
12 16 19
8 13 24
11 15 30
11 18 8
12 18 23
13 16 51
10 18 16
8 18 6
14 18 17
9 18 9
9 10 159
13 16 8
8 18 8
17 18 111
8 17 7
12 15 62
11 13 27
9 10 213
14 16 56
13 15 36
8 12 72
8 11 59
10 12 165
8 18 12
12 18 4
8 18 17
8 18 13
10 14 10
9 12 49
8 18 15
8 18 1
10 14 13
8 18 24
8 13 8
8 16 10
9 14 8
8 18 15
9 14 14
14 15 158
12 13 92
8 17 11
8 17 6
12 18 3
8 17 4
8 17 9
10 14 48
8 17 4
13 17 30
10 17 13
8 13 22
8 18 10
14 16 39
8 14 15
10 12 118
13 17 21
8 13 25
9 18 25
8 18 5
8 18 16
13 15 15
8 18 11
8 18 3
8 17 17
9 16 22
8 17 9
10 15 20
15 18 13
8 16 34
8 18 12
14 17 42
12 18 10
8 16 8
12 16 27
14 17 27
8 18 5
12 13 145
11 17 24
11 18 45
9 11 43
9 18 10
8 13 15
8 15 24
12 13 32
9 16 14
8 15 23
11 13 85
13 17 31
8 11 40
10 18 21
9 18 11
8 14 16
11 17 9
10 15 35
14 17 32
10 13 34
8 16 13
9 15 19
9 14 46
8 17 5
9 15 35
8 18 6
9 10 73
10 16 30
9 14 12
8 14 20
12 18 9
8 18 17
13 16 29
11 16 47
8 18 2
8 17 9
8 16 26
12 16 35
12 17 19
8 15 11
10 14 20
8 16 11
8 14 17
15 16 39
12 13 172
15 17 111
9 17 29
9 18 9
8 16 7
8 18 23
11 15 21
12 17 34
9 17 9
10 16 31
10 13 12
8 16 23
11 12 351
8 14 7
12 15 44
14 17 86
12 17 18
10 14 14
9 16 18
11 18 12
10 16 9
11 12 83
11 16 27
11 18 12
8 18 14
13 14 121
9 18 29
10 17 15
8 17 15
10 17 7
8 9 107
9 15 1
8 13 28
9 18 31
13 14 222
12 13 115
9 17 13
9 17 7
9 10 21
11 13 30
13 16 7
11 15 23
9 17 11
8 14 3
13 15 16
13 14 115
11 14 52
9 15 27
12 17 20
11 17 24
12 15 13
13 15 23
10 18 8
14 16 81
8 12 44
9 14 29
16 18 18
9 15 7
8 16 21
10 13 38
9 12 33
9 17 9
11 13 86
12 15 39
16 17 200
9 15 13
14 18 19
9 18 5
8 17 4
8 10 120
8 12 15
10 18 8
8 18 23
10 18 16
10 14 16
8 12 8
11 13 35
11 14 40
14 16 126
8 13 53
10 12 23
13 14 103
10 17 7
8 13 29
8 17 6
8 10 48
8 17 11
8 16 24
10 17 21
15 17 18
10 18 30
14 15 120
10 12 49
10 18 20
14 17 13
9 18 6
8 13 25
13 16 24
8 18 14
8 16 5
8 13 25
8 18 22
11 18 6
11 13 49
11 18 7
10 13 31
8 15 13
8 15 7
8 17 19
9 18 18
15 18 82
9 14 16
12 17 27
8 18 16
9 14 29
8 10 50
8 14 19
14 18 15
9 16 35
9 13 19
15 18 26
9 16 38
13 16 23
11 12 196
11 18 7
8 18 6
8 18 17
11 12 204
9 12 29
9 18 12
16 18 120
12 16 13
9 14 19
12 16 38
16 18 46
8 13 31
8 16 10
11 16 30
13 14 42
9 18 9
11 17 33
15 16 69
8 14 5
13 16 37
8 10 18
14 15 60
8 18 30
9 15 21
10 12 10
9 18 10
13 14 30
10 18 9
8 18 8
10 16 2
8 18 12
8 17 5
12 14 29
10 11 58
8 18 14
9 14 20
9 17 26
8 14 7
10 13 47
11 15 13
14 17 16
12 15 60
9 17 21
8 17 3
12 15 58
10 17 40
9 18 23
10 17 8
10 14 17
8 16 22
12 16 8
10 11 201
12 17 16
12 13 98
11 17 15
8 15 28
11 16 12
9 14 16
8 18 19
9 17 9
14 15 230
9 10 233
8 12 62
11 18 13
9 14 43
10 18 7
8 13 23
12 17 42
13 18 18
8 14 8
11 13 102
8 18 4
8 18 15
9 16 48
15 16 87
11 18 10
10 16 17
12 18 11
8 18 11
