144.8382473
9934
109
8 18 40 57
10 12 911 921
8 18 145 157
10 13 83 114
12 16 369 396
8 18 835 842
8 12 411 427
8 13 78 83
8 18 781 792
12 18 642 665
8 10 83 96
13 18 96 114
8 18 673 688
8 18 771 781
8 15 749 761
11 15 586 604
8 16 605 615
13 14 866 875
8 18 0 9
12 18 852 866
8 18 817 835
8 18 178 181
8 15 738 749
8 14 209 214
8 18 206 209
8 12 427 446
16 18 898 933
8 15 291 310
8 18 135 145
13 14 875 896
9 15 290 291
8 17 328 332
15 18 735 761
8 17 332 336
16 18 605 641
8 18 446 464
8 17 336 340
8 15 714 738
8 16 922 933
16 18 181 203
8 10 96 114
8 18 324 328
8 18 464 477
8 17 340 344
8 18 761 771
16 18 114 134
10 18 842 852
8 16 114 127
9 18 289 290
13 18 78 96
8 17 396 411
8 18 477 489
8 18 665 673
8 11 580 604
12 16 344 369
8 18 57 67
8 18 792 804
13 16 615 641
8 18 489 493
8 18 527 533
11 18 580 586
8 18 533 539
8 9 248 291
15 18 290 310
13 16 181 206
15 18 714 735
13 16 898 922
12 13 868 918
8 18 69 78
16 17 344 394
8 18 981 998
8 18 966 981
9 17 288 289
8 18 516 527
8 18 564 580
8 18 933 938
8 15 493 510
15 18 586 605
8 13 181 206
8 18 953 966
8 18 943 948
8 18 310 324
8 10 842 922
8 18 938 943
14 18 866 898
12 18 413 446
8 18 948 953
8 18 563 564
8 14 214 247
8 12 344 396
15 18 493 510
8 16 127 135
8 18 157 178
9 18 248 288
8 18 9 21
8 18 688 714
8 18 998 999
8 18 510 516
8 18 539 563
8 12 632 664
8 18 804 817
14 18 209 226
17 18 328 413
14 18 226 248
10 12 852 911
8 13 615 632
8 18 21 40
8 15 604 605
8 18 67 69
